21 20 1
20 20 1
19 21 2
19 21 2
18 22 2
19 23 2
19 22 1
19 21 1
20 21 1
21 21 1
21 22 1
21 22 1
21 22 1
19 23 1
19 23 2
18 24 2
20 23 1
19 24 1
20 25 1
22 25 1
21 24 1
21 23 1
22 23 1
22 24 1
23 24 1
24 24 1
23 25 1
23 23 1
22 23 1
22 22 1
22 22 1
22 21 1
22 21 1
23 22 1
24 21 1
24 22 1
24 22 1
24 23 1
23 23 1
15 28 2
14 27 2
14 28 2
14 28 2
13 28 2
13 29 2
13 27 2
13 26 2
12 27 2
12 28 2
13 25 2
12 25 2
11 27 2
11 28 2
11 27 2
10 27 2
9 28 2
10 26 2
11 26 2
11 25 2
11 25 2
11 24 2
11 25 2
10 25 2
9 26 2
9 27 2
9 27 2
7 28 2
8 27 2
8 27 2
7 26 2
7 27 2
6 26 2
7 26 2
8 26 2
9 25 2
8 25 2
8 25 2
8 24 2
9 24 2
11 23 2
10 23 2
9 23 2
9 23 2
8 23 2
7 24 2
7 25 2
6 25 2
6 26 2
5 26 2
5 25 2
5 26 2
6 25 2
5 24 2
4 25 2
4 25 2
6 24 2
6 24 2
7 24 2
5 24 2
4 24 2
3 23 2
4 23 2
4 22 2
5 23 2
5 23 2
7 23 2
6 23 2
7 23 2
6 22 2
5 22 2
4 22 2
3 21 2
4 21 2
4 20 2
5 20 2
5 20 2
5 21 2
6 21 2
7 21 2
7 21 2
7 21 2
7 20 2
6 19 2
6 20 2
6 20 2
5 19 2
5 19 2
5 18 2
6 19 2
7 18 2
7 17 2
7 18 2
8 20 2
8 19 2
8 18 2
8 18 2
9 18 2
9 17 2
8 17 2
10 17 2
10 16 2
8 20 2
8 21 2
8 21 2
8 22 2
8 22 2
9 22 2
8 22 2
9 21 2
10 22 2
10 22 2
11 23 2
12 23 2
11 22 2
11 22 2
10 21 2
10 21 2
9 21 2
9 20 2
9 20 2
9 19 2
10 20 2
11 20 2
12 21 2
13 21 2
12 20 2
11 19 2
10 19 2
9 18 2
10 18 2
11 18 2
12 18 2
12 19 2
12 18 2
11 17 2
11 17 2
12 17 2
13 17 2
13 18 2
13 18 2
13 19 2
14 19 2
15 17 2
13 17 2
13 16 2
12 16 2
34 3 0
33 3 0
32 3 0
31 4 0
30 5 0
30 6 0
30 6 0
30 7 0
29 8 0
30 8 0
30 7 0
31 6 0
31 5 0
32 6 0
32 5 0
32 4 0
32 4 0
33 4 0
33 5 0
33 5 0
34 5 0
34 4 0
34 4 0
34 4 0
36 5 0
35 5 0
35 6 0
34 5 0
33 6 0
33 6 0
33 7 0
32 7 0
33 7 0
31 8 0
31 8 0
30 8 0
29 9 0
30 9 0
29 9 0
30 9 0
30 9 0
32 8 0
33 8 0
34 7 0
34 7 0
35 6 0
35 7 0
36 7 0
36 7 0
36 8 0
35 8 0
36 8 0
36 9 0
35 9 0
35 9 0
34 9 0
33 9 0
33 9 0
32 9 0
32 10 0
33 10 0
31 10 0
30 10 0
30 11 0
30 11 0
30 11 0
30 12 0
31 11 0
31 11 0
32 11 0
32 11 0
32 12 0
32 12 0
31 12 0
31 12 0
32 13 0
33 13 0
33 12 0
34 11 0
34 10 0
34 11 0
34 10 0
35 9 0
36 10 0
35 10 0
35 11 0
34 11 0
34 12 0
34 12 0
33 13 0
33 14 0
10 11 4
10 10 4
10 10 4
11 10 4
11 10 4
10 8 4
11 9 4
12 10 4
12 11 4
13 11 4
14 11 4
14 11 4
17 12 5
15 12 4
15 12 4
16 12 5
16 11 5
15 11 4
14 11 4
13 10 4
12 10 4
13 9 4
12 9 4
11 8 4
11 8 4
10 7 4
10 6 4
11 7 4
13 8 4
13 9 4
14 10 4
11 7 4
11 6 4
11 6 4
12 7 4
12 7 4
13 7 4
13 8 4
13 9 4
14 9 4
14 9 5
15 10 5
16 10 5
16 10 5
15 10 5
15 9 5
15 9 5
15 8 5
15 8 5
14 8 4
14 8 5
14 7 5
13 7 4
14 6 5
13 6 5
13 6 4
13 6 4
11 6 4
10 5 4
11 5 4
12 5 4
12 5 4
12 5 4
13 5 5
13 5 5
12 4 5
11 4 3
11 4 3
12 4 3
11 3 3
12 3 3
13 4 5
13 4 5
13 3 5
13 3 5
14 4 5
14 5 5
14 5 5
14 6 5
13 2 5
14 2 5
14 3 5
15 3 5
15 3 5
14 4 5
14 4 5
15 2 5
15 2 5
16 3 5
15 4 5
15 4 5
15 5 5
15 5 5
15 5 5
15 6 5
16 5 5
16 5 5
16 4 5
16 4 5
16 4 5
17 5 5
17 4 5
17 4 5
17 3 5
17 3 5
16 2 5
16 2 5
17 2 5
18 2 5
18 3 5
18 3 5
18 3 5
18 3 5
19 2 5
19 2 5
19 2 5
19 2 5
19 3 5
19 3 5
18 4 5
18 4 5
18 5 5
19 4 5
17 5 5
17 5 5
17 6 5
17 6 5
16 6 5
15 7 5
15 7 5
20 3 5
20 3 5
21 2 5
21 2 5
22 3 5
22 3 5
21 3 5
21 4 5
20 4 5
20 5 5
19 5 5
19 5 5
20 5 5
18 5 5
19 5 5
18 6 5
18 6 5
17 7 5
16 7 5
18 7 5
18 7 5
17 7 5
17 8 5
17 9 5
16 8 5
16 8 5
16 9 5
16 9 5
17 9 5
17 9 5
17 9 5
18 8 5
18 8 5
19 7 5
19 6 5
19 7 5
20 6 5
21 5 5
21 4 5
22 4 5
23 3 5
23 3 5
23 4 5
22 4 5
22 5 5
23 5 5
23 5 5
23 5 5
22 5 5
21 6 5
20 6 5
21 7 5
20 7 5
19 8 5
18 9 5
18 9 5
18 10 5
17 10 5
18 10 5
18 10 5
18 11 5
17 11 5
17 11 5
18 12 5
18 12 5
19 11 5
19 10 5
19 9 5
20 9 5
20 9 5
20 10 5
19 12 5
19 12 5
20 11 5
20 11 5
21 11 5
21 11 5
21 10 5
21 10 5
20 9 5
21 9 5
21 9 5
20 8 5
20 8 5
21 8 5
21 8 5
21 7 5
22 6 5
22 6 5
22 6 5
22 7 5
22 7 5
22 8 5
22 8 5
22 9 5
22 9 5
22 10 5
23 10 5
23 9 5
23 9 5
23 9 5
24 8 5
24 7 5
23 7 5
23 7 5
23 6 5
23 6 5
23 5 5
24 5 5
24 6 5
5 2 3
6 1 3
6 2 3
5 2 3
5 2 3
4 2 3
4 3 3
5 3 3
6 3 3
6 3 3
7 2 3
7 2 3
6 3 3
6 3 3
6 3 3
5 4 3
5 4 3
5 4 3
5 4 3
6 4 3
6 5 3
7 4 3
6 4 3
7 4 3
7 4 3
7 3 3
7 3 3
8 2 3
8 3 3
8 4 3
33 14 0
33 15 0
32 15 1
32 16 1
32 17 1
32 17 1
31 17 1
31 17 1
31 17 1
31 17 1
30 18 1
30 18 1
30 19 1
30 19 1
29 19 1
29 20 1
30 20 1
30 20 1
31 19 1
31 18 1
32 18 1
31 19 1
32 18 1
32 17 1
33 17 1
34 17 1
34 18 1
33 18 1
33 18 1
33 18 1
32 19 1
32 19 1
32 20 1
31 20 1
32 21 1
31 21 1
30 21 1
29 21 1
29 21 1
30 22 1
31 22 1
30 22 1
30 23 1
29 23 1
29 22 1
29 23 1
30 24 1
31 23 1
31 23 1
32 22 1
32 22 1
33 22 1
33 21 1
33 20 1
33 20 1
34 19 1
34 18 1
35 18 1
35 19 1
34 19 1
35 20 1
35 19 1
35 20 1
34 20 1
34 21 1
35 21 1
35 21 1
35 21 1
34 21 1
36 21 1
35 22 1
35 22 1
35 23 1
36 23 1
35 24 1
34 22 1
33 23 1
33 23 1
32 23 1
34 23 1
34 24 1
35 24 1
35 25 1
34 24 1
32 24 1
32 24 1
31 24 1
31 25 1
31 25 1
29 24 1
29 25 1
29 26 1
30 25 1
30 26 1
31 26 1
31 26 1
30 26 1
30 27 1
31 27 1
32 28 1
33 27 1
32 27 1
32 26 1
32 25 1
32 25 1
33 26 1
33 27 1
34 27 1
34 27 1
35 26 1
35 26 1
34 25 1
7 13 4
8 13 4
9 12 4
8 12 4
7 13 4
6 13 4
6 13 4
6 12 4
5 12 4
5 11 4
5 11 4
5 11 4
6 11 4
7 12 4
7 12 4
7 12 4
8 12 4
7 11 4
6 11 4
6 10 4
6 10 4
5 10 4
6 10 4
7 10 4
7 10 4
8 11 4
8 11 4
9 10 4
9 10 4
